Chr	Pos	summaryHe	wStart	wEnd	score	lastStart	lastEnd	Locus
CP136866.1	15550516,15550523,15550530,15550533,15550538	0.75	15550516	15550538	23204182.5	1	31019971	CP136866.1_15550516_15550538
CP136866.1	23328565,23328568,23328578,23328589,23328594	0.73	23328565	23328594	11229452.76	15550516	31019971	CP136866.1_23328565_23328594
CP136866.1	8254043,8254069,8254083,8254089	0.75	8254043	8254089	10944709.5	1	15550516	CP136866.1_8254043_8254089
CP136866.1	4095338,4095346,4095356,4095374	0.74	4095338	4095374	6061098.76	1	8254043	CP136866.1_4095338_4095374
CP136866.1	19438567,19438569,19438606	0.715	19438567	19438606	5559912.93	15550516	23328565	CP136866.1_19438567_19438606
CP136866.1	27231431,27231439,27231443,27231452	0.7	27231431	27231452	5303956	23328565	31019971	CP136866.1_27231431_27231452
CP136866.1	12045793,12045804,12045810	0.685	12045793	12045810	4801470.51	8254043	15550516	CP136866.1_12045793_12045810
CP136866.1	17341669,17341685,17341689,17341700,17341706	0.79	17341669	17341706	2830021.74	15550516	19438567	CP136866.1_17341669_17341706
CP136866.1	29130903,29130915,29130924,29130931,29130945,29130947	0.74	29130903	29130947	2795820.64	27231431	31019971	CP136866.1_29130903_29130947
CP136866.1	13849107,13849119,13849134,13849146,13849154	0.805	13849107	13849154	2739268.49	12045793	15550516	CP136866.1_13849107_13849154
CP136866.1	25190724,25190729,25190732,25190754	0.715	25190724	25190754	2662887.37	23328565	27231431	CP136866.1_25190724_25190754
CP136866.1	21505768,21505806,21505815	0.725	21505768	21505815	2643055.65	19438567	23328565	CP136866.1_21505768_21505815
CP136866.1	6117288,6117308,6117316	0.645	6117288	6117316	2608315.5	4095338	8254043	CP136866.1_6117288_6117316
CP136866.1	2072204,2072253	0.615	2072204	2072253	2488454.82	1	4095338	CP136866.1_2072204_2072253
CP136866.1	10000296,10000306,10000315,10000328	0.7	10000296	10000328	2444754.2	8254043	12045793	CP136866.1_10000296_10000328
CP136866.1	18346137,18346162,18346167,18346170	0.735	18346137	18346170	1476567.96	17341669	19438567	CP136866.1_18346137_18346170
CP136866.1	20483624,20483638,20483649,20483656	0.715	20483624	20483656	1461665.92	19438567	21505768	CP136866.1_20483624_20483656
CP136866.1	10978271,10978303,10978308,10978315	0.7	10978271	10978315	1369165	10000296	12045793	CP136866.1_10978271_10978315
CP136866.1	24278781,24278794,24278800,24278824	0.74	24278781	24278824	1349675.64	23328565	25190724	CP136866.1_24278781_24278824
CP136866.1	22378146,22378172,22378177,22378179,22378181,22378188	0.725	22378146	22378188	1264948.1	21505768	23328565	CP136866.1_22378146_22378188
CP136866.1	28101928,28101930,28101944,28101948	0.715	28101928	28101948	1244810.71	27231431	29130903	CP136866.1_28101928_28101948
CP136866.1	26175568,26175582,26175591	0.625	26175568	26175591	1231055	25190724	27231431	CP136866.1_26175568_26175591
CP136867.1	18595051,18595062,18595068,18595071,18595098	0.745	18595051	18595098	25156994.61	1	35478940	CP136867.1_18595051_18595098
CP136867.1	9592924,9592936,9592939,9592947,9592949,9592962	0.8	9592924	9592962	14403403.2	1	18595051	CP136867.1_9592924_9592962
CP136867.1	26564769,26564777,26564794,26564808	0.75	26564769	26564808	11954577	18595051	35478940	CP136867.1_26564769_26564808
CP136867.1	4705703,4705706,4705711	0.695	4705703	4705711	6540925.78	1	9592924	CP136867.1_4705703_4705711
CP136867.1	14203372,14203380,14203391	0.705	14203372	14203391	6192267.39	9592924	18595051	CP136867.1_14203372_14203391
CP136867.1	31326585,31326587,31326589,31326604,31326617	0.74	31326585	31326617	6145485.4	26564769	35478940	CP136867.1_31326585_31326617
CP136867.1	22551193,22551197,22551205,22551233	0.715	22551193	22551233	5657283.06	18595051	26564769	CP136867.1_22551193_22551233
CP136867.1	2464137,2464146,2464150	0.705	2464137	2464150	3160608.06	1	4705703	CP136867.1_2464137_2464150
CP136867.1	11890695,11890730,11890740	0.685	11890695	11890740	3147946.27	9592924	14203372	CP136867.1_11890695_11890740
CP136867.1	29121131,29121138,29121148,29121162	0.705	29121131	29121162	3109690.14	26564769	31326585	CP136867.1_29121131_29121162
CP136867.1	16541618,16541631,16541636	0.725	16541618	16541636	2977477.85	14203372	18595051	CP136867.1_16541618_16541636
CP136867.1	33381918,33381921,33381967	0.685	33381918	33381967	2815806.21	31326585	35478940	CP136867.1_33381918_33381967
CP136867.1	6849603,6849615,6849638	0.655	6849603	6849638	2808509	4705703	9592924	CP136867.1_6849603_6849638
CP136867.1	24402605,24402608,24402612,24402637,24402641,24402653	0.725	24402605	24402653	2684547.4	22551193	26564769	CP136867.1_24402605_24402653
CP136867.1	20677482,20677500,20677507,20677525	0.715	20677482	20677525	2679406.73	18595051	22551193	CP136867.1_20677482_20677525
CP136867.1	8207780,8207782,8207795,8207823	0.665	8207780	8207823	1806375.41	6849603	9592924	CP136867.1_8207780_8207823
CP136867.1	27844135,27844144	0.635	27844135	27844144	1621784.92	26564769	29121131	CP136867.1_27844135_27844144
CP136867.1	30227841,30227858,30227861	0.705	30227841	30227861	1549229.04	29121131	31326585	CP136867.1_30227841_30227861
CP136867.1	15417896,15417899,15417908,15417935,15417941	0.685	15417896	15417941	1539499.14	14203372	16541618	CP136867.1_15417896_15417941
CP136867.1	10747972,10748003	0.655	10747972	10748003	1496967.13	9592924	11890695	CP136867.1_10747972_10748003
CP136867.1	13121858,13121871,13121895	0.675	13121858	13121895	1460043.9	11890695	14203372	CP136867.1_13121858_13121895
CP136867.1	25379893,25379895,25379906,25379931	0.73	25379893	25379931	1426840.48	24402605	26564769	CP136867.1_25379893_25379931
CP136867.1	3715326,3715351,3715374	0.705	3715326	3715374	1396431.57	2464137	4705703	CP136867.1_3715326_3715374
CP136867.1	19638363,19638391,19638403	0.655	19638363	19638403	1361245.89	18595051	20677482	CP136867.1_19638363_19638403
CP136867.1	32350052,32350067,32350069,32350075	0.645	32350052	32350075	1320272.43	31326585	33381918	CP136867.1_32350052_32350075
CP136867.1	17653405,17653416,17653442,17653452	0.7	17653405	17653452	1318304.4	16541618	18595051	CP136867.1_17653405_17653452
CP136867.1	5786746,5786777	0.615	5786746	5786777	1307314.11	4705703	6849603	CP136867.1_5786746_5786777
CP136867.1	21612342,21612355	0.62	21612342	21612355	1159226.4	20677482	22551193	CP136867.1_21612342_21612355
CP136868.1	17026128,17026132,17026140	0.715	17026128	17026140	22996234.69	1	33107411	CP136868.1_17026128_17026140
CP136868.1	8207733,8207744,8207765,8207771,8207777,8207780	0.78	8207733	8207780	12804061.92	1	17026128	CP136868.1_8207733_8207780
CP136868.1	25346105,25346114,25346131,25346139,25346143	0.76	25346105	25346143	11797185.12	17026128	33107411	CP136868.1_25346105_25346143
CP136868.1	12581292,12581323,12581333	0.715	12581292	12581333	6254189.37	8207733	17026128	CP136868.1_12581292_12581333
CP136868.1	3920399,3920406,3920408,3920412,3920427,3920433,3920440	0.765	3920399	3920440	5998208.94	1	8207733	CP136868.1_3920399_3920440
CP136868.1	21340372,21340376,21340390,21340396,21340417	0.715	21340372	21340417	5728198.19	17026128	25346105	CP136868.1_21340372_21340417
CP136868.1	28857156,28857161,28857166,28857198	0.775	28857156	28857198	5442129.05	25346105	33107411	CP136868.1_28857156_28857198
CP136868.1	14745192,14745210,14745226,14745228,14745232	0.775	14745192	14745232	3354045	12581292	17026128	CP136868.1_14745192_14745232
CP136868.1	10311795,10311799,10311828,10311833	0.73	10311795	10311833	3071930.52	8207733	12581292	CP136868.1_10311795_10311833
CP136868.1	6166943,6166958,6166979	0.72	6166943	6166979	2938737.6	3920399	8207733	CP136868.1_6166943_6166979
CP136868.1	19351669,19351676,19351680,19351692	0.735	19351669	19351692	2923393.41	17026128	21340372	CP136868.1_19351669_19351692
CP136868.1	30856411,30856415,30856426	0.685	30856411	30856426	2738979.35	28857156	33107411	CP136868.1_30856411_30856426
CP136868.1	23373615,23373627,23373629	0.69	23373615	23373629	2722036.2	21340372	25346105	CP136868.1_23373615_23373629
CP136868.1	27022407,27022430,27022452,27022454	0.74	27022407	27022454	2480926.96	25346105	28857156	CP136868.1_27022407_27022454
CP136868.1	2482429,2482434,2482463	0.715	2482429	2482463	2056297.1	1	3920399	CP136868.1_2482429_2482463
CP136868.1	18255324,18255334,18255364	0.695	18255324	18255364	1523919.55	17026128	19351669	CP136868.1_18255324_18255364
CP136868.1	9204265,9204282,9204285,9204295	0.76	9204265	9204295	1514728.64	8207733	10311795	CP136868.1_9204265_9204295
CP136868.1	13583564,13583577,13583593,13583596	0.75	13583564	13583596	1503408	12581292	14745192	CP136868.1_13583564_13583596
CP136868.1	22293384,22293410,22293422,22293431,22293433	0.77	22293384	22293433	1467638.48	21340372	23373615	CP136868.1_22293384_22293433
CP136868.1	5051899,5051909,5051917	0.655	5051899	5051917	1460707.64	3920399	6166943	CP136868.1_5051899_5051917
CP136868.1	15873994,15874029	0.635	15873994	15874029	1433578.54	14745192	17026128	CP136868.1_15873994_15874029
CP136868.1	11417573,11417595	0.645	11417573	11417595	1426453.62	10311795	12581292	CP136868.1_11417573_11417595
CP136868.1	7186222,7186242,7186253,7186260,7186269	0.69	7186222	7186269	1406605.02	6166943	8207733	CP136868.1_7186222_7186269
CP136868.1	31964963,31964984	0.595	31964963	31964984	1319176.88	30856411	33107411	CP136868.1_31964963_31964984
CP136869.1	13337609,13337625,13337633,13337658	0.75	13337609	13337658	20006412	1	26829222	CP136869.1_13337609_13337658
CP136869.1	6710177,6710190,6710192,6710209,6710213	0.765	6710177	6710213	10139970.96	1	13337609	CP136869.1_6710177_6710213
CP136869.1	20400284,20400308,20400327	0.735	20400284	20400327	9450538.86	13337609	26829222	CP136869.1_20400284_20400327
CP136869.1	16911505,16911507,16911530	0.735	16911505	16911530	5128505.13	13337609	20400284	CP136869.1_16911505_16911530
CP136869.1	9894329,9894338,9894351,9894353	0.735	9894329	9894353	4680703.44	6710177	13337609	CP136869.1_9894329_9894353
CP136869.1	23338987,23338995,23339008,23339015,23339017	0.695	23338987	23339017	4084797.17	20400284	26829222	CP136869.1_23338987_23339017
CP136869.1	3521055,3521059	0.515	3521055	3521059	3284795.66	1	6710177	CP136869.1_3521055_3521059
CP136869.1	11556925,11556949,11556964	0.735	11556925	11556964	2444016.12	9894329	13337609	CP136869.1_11556925_11556964
CP136869.1	15295918,15295929,15295932,15295959	0.735	15295918	15295959	2374912.89	13337609	16911505	CP136869.1_15295918_15295959
CP136869.1	5134817,5134827,5134851,5134853,5134865	0.725	5134817	5134865	2284272	3521055	6710177	CP136869.1_5134817_5134865
CP136869.1	25221039,25221050,25221066	0.705	25221039	25221066	2267538.03	23338987	26829222	CP136869.1_25221039_25221066
CP136869.1	8329146,8329165,8329168,8329182	0.71	8329146	8329182	2222559.86	6710177	9894329	CP136869.1_8329146_8329182
CP136869.1	18662229,18662247	0.615	18662229	18662247	2137807.65	16911505	20400284	CP136869.1_18662229_18662247
CP136869.1	1463677,1463680	0.645	1463677	1463680	1888142.04	1	3521055	CP136869.1_1463677_1463680
CP136869.1	21795591,21795601	0.655	21795591	21795601	1827852.17	20400284	23338987	CP136869.1_21795591_21795601
CP136869.1	14338777,14338796,14338805	0.71	14338777	14338805	1359140.22	13337609	15295918	CP136869.1_14338777_14338805
CP136869.1	24213224,24213229,24213272	0.685	24213224	24213272	1197704.69	23338987	25221039	CP136869.1_24213224_24213272
CP136869.1	17856856,17856865,17856870	0.725	17856856	17856870	1167790.85	16911505	18662229	CP136869.1_17856856_17856870
CP136869.1	12363283,12363303,12363321	0.715	12363283	12363321	1153091.94	11556925	13337609	CP136869.1_12363283_12363321
CP136870.1	14508538,14508558,14508563,14508575,14508584	0.775	14508538	14508584	20681353.95	1	27851347	CP136870.1_14508538_14508584
CP136870.1	7531300,7531334,7531347	0.715	7531300	7531347	9977450.34	1	14508538	CP136870.1_7531300_7531347
CP136870.1	21162399,21162418,21162435	0.735	21162399	21162435	9781175.67	14508538	27851347	CP136870.1_21162399_21162435
CP136870.1	3755056,3755059,3755074,3755096	0.71	3755056	3755096	5332178.1	1	7531300	CP136870.1_3755056_3755096
CP136870.1	17514547,17514550,17514559,17514575,17514587,17514594,17514596	0.81	17514547	17514596	4869734.58	14508538	21162399	CP136870.1_17514547_17514596
CP136870.1	11039071,11039094,11039112,11039118	0.69	11039071	11039118	4787864.46	7531300	14508538	CP136870.1_11039071_11039118
CP136870.1	24542690,24542699,24542715	0.685	24542690	24542715	4532860.09	21162399	27851347	CP136870.1_24542690_24542715
CP136870.1	5678807,5678820,5678828,5678845	0.69	5678807	5678845	2556440.34	3755056	7531300	CP136870.1_5678807_5678845
CP136870.1	1879155,1879165,1879191,1879193	0.675	1879155	1879193	2532466.35	1	3755056	CP136870.1_1879155_1879193
CP136870.1	22918799,22918809,22918820,22918826,22918843	0.745	22918799	22918843	2419597.59	21162399	24542690	CP136870.1_22918799_22918843
CP136870.1	9286604,9286642,9286644	0.685	9286604	9286644	2400879.79	7531300	11039071	CP136870.1_9286604_9286644
CP136870.1	19161446,19161461,19161463	0.705	19161446	19161463	2322127.59	17514547	21162399	CP136870.1_19161446_19161463
CP136870.1	12645773,12645777,12645784,12645805	0.715	12645773	12645805	2297583.86	11039071	14508538	CP136870.1_12645773_12645805
CP136870.1	26388941,26388946,26388949,26388963,26388968	0.76	26388941	26388968	2222857.12	24542690	27851347	CP136870.1_26388941_26388968
CP136870.1	15923120,15923123,15923133,15923167	0.75	15923120	15923167	2121873	14508538	17514547	CP136870.1_15923120_15923167
CP136870.1	20173511,20173530,20173541,20173551	0.735	20173511	20173551	1453665.36	19161446	21162399	CP136870.1_20173511_20173551
CP136870.1	13550038,13550048,13550084	0.715	13550038	13550084	1293098.95	12645773	14508538	CP136870.1_13550038_13550084
CP136870.1	2819399,2819420,2819427	0.675	2819399	2819427	1263136.95	1879155	3755056	CP136870.1_2819399_2819427
CP136870.1	6545773,6545777,6545781,6545799,6545815	0.725	6545773	6545815	1257100.7	5678807	7531300	CP136870.1_6545773_6545815
CP136870.1	25443770,25443772,25443790,25443803,25443808	0.68	25443770	25443808	1225468.8	24542690	26388941	CP136870.1_25443770_25443808
CP136871.1	15893807,15893811,15893832,15893842	0.755	15893807	15893842	23999647.06	1	32124745	CP136871.1_15893807_15893842
CP136871.1	23838597,23838606,23838609,23838626	0.725	23838597	23838626	11519945.5	15893807	32124745	CP136871.1_23838597_23838626
CP136871.1	8495839,8495851,8495865,8495874	0.735	8495839	8495874	10875012.96	1	15893807	CP136871.1_8495839_8495874
CP136871.1	4468720,4468729,4468731,4468736,4468767	0.77	4468720	4468767	6201763.26	1	8495839	CP136871.1_4468720_4468767
CP136871.1	19843044,19843049,19843060	0.695	19843044	19843060	5489439.43	15893807	23838597	CP136871.1_19843044_19843060
CP136871.1	12348075,12348081,12348091,12348113	0.745	12348075	12348113	5283140.68	8495839	15893807	CP136871.1_12348075_12348113
CP136871.1	27965986,27966032	0.64	27965986	27966032	5283057.92	23838597	32124745	CP136871.1_27965986_27966032
CP136871.1	2267496,2267507,2267517	0.675	2267496	2267517	2971652.4	1	4468720	CP136871.1_2267496_2267517
CP136871.1	6594817,6594828,6594831	0.715	6594817	6594831	2718461.46	4468720	8495839	CP136871.1_6594817_6594831
CP136871.1	30139681,30139685,30139689,30139701,30139714,30139718	0.665	30139681	30139718	2640135.12	27965986	32124745	CP136871.1_30139681_30139718
CP136871.1	21943473,21943498,21943511	0.69	21943473	21943511	2615271.12	19843044	23838597	CP136871.1_21943473_21943511
CP136871.1	14115518,14115549,14115560,14115563	0.735	14115518	14115563	2598141.21	12348075	15893807	CP136871.1_14115518_14115563
CP136871.1	17891336,17891361	0.655	17891336	17891361	2556737.48	15893807	19843044	CP136871.1_17891336_17891361
CP136871.1	10557639,10557672,10557683	0.7	10557639	10557683	2506610.4	8495839	12348075	CP136871.1_10557639_10557683
CP136871.1	26058556,26058582,26058592	0.645	26058556	26058592	2460584.7	23838597	27965986	CP136871.1_26058556_26058592
CP136871.1	3375963,3375978,3375982,3375990,3376002	0.725	3375963	3376002	1584497.65	2267496	4468720	CP136871.1_3375963_3376002
CP136871.1	5536918,5536923,5536932,5536941	0.685	5536918	5536941	1449321.63	4468720	6594817	CP136871.1_5536918_5536941
CP136871.1	16925165,16925169,16925183,16925190,16925198	0.74	16925165	16925198	1429933.08	15893807	17891336	CP136871.1_16925165_16925198
CP136871.1	9487120,9487123,9487160	0.705	9487120	9487160	1397706.21	8495839	10557639	CP136871.1_9487120_9487160
CP136871.1	24929024,24929073	0.635	24929024	24929073	1384842.29	23838597	26058556	CP136871.1_24929024_24929073
CP136871.1	20894689,20894714	0.645	20894689	20894714	1352931.36	19843044	21943473	CP136871.1_20894689_20894714
CP136871.1	29143334,29143350,29143358	0.675	29143334	29143358	1345068.45	27965986	30139681	CP136871.1_29143334_29143358
CP136871.1	18781418,18781427,18781454,18781456,18781467	0.715	18781418	18781467	1272817.26	17891336	19843044	CP136871.1_18781418_18781467
CP136872.1	14059641,14059648,14059664,14059677	0.715	14059641	14059677	20105285.2	1	28686924	CP136872.1_14059641_14059677
CP136872.1	7216256,7216264,7216274,7216281	0.77	7216256	7216281	10538812.9	1	14059641	CP136872.1_7216256_7216281
CP136872.1	21505760,21505791,21505809	0.715	21505760	21505809	10269064.52	14059641	28686924	CP136872.1_21505760_21505809
CP136872.1	17595382,17595384,17595397	0.735	17595382	17595397	5197539.27	14059641	21505760	CP136872.1_17595382_17595397
CP136872.1	25011628,25011655,25011659,25011671	0.725	25011628	25011671	5083508.6	21505760	28686924	CP136872.1_25011628_25011671
CP136872.1	3647977,3647982,3647986,3647995,3648010	0.69	3647977	3648010	4924225.02	1	7216256	CP136872.1_3647977_3648010
CP136872.1	10571307,10571320,10571340	0.675	10571307	10571340	4529318.85	7216256	14059641	CP136872.1_10571307_10571340
CP136872.1	19740089,19740099,19740103,19740110,19740117	0.8	19740089	19740117	2825073.6	17595382	21505760	CP136872.1_19740089_19740117
CP136872.1	26804085,26804091,26804098,26804114	0.755	26804085	26804114	2706610.07	25011628	28686924	CP136872.1_26804085_26804114
CP136872.1	12301370,12301403,12301410,12301419	0.755	12301370	12301419	2612395.13	10571307	14059641	CP136872.1_12301370_12301419
CP136872.1	23287020,23287035,23287037,23287046	0.705	23287020	23287046	2431697.28	21505760	25011628	CP136872.1_23287020_23287046
CP136872.1	15972537,15972550,15972579	0.715	15972537	15972579	2320668.35	14059641	17595382	CP136872.1_15972537_15972579
CP136872.1	1917475,1917490	0.66	1917475	1917490	2284262.64	1	3647977	CP136872.1_1917475_1917490
CP136872.1	5367644,5367660,5367666	0.655	5367644	5367666	2252763.77	3647977	7216256	CP136872.1_5367644_5367666
CP136872.1	8961359,8961393	0.66	8961359	8961393	2125131.36	7216256	10571307	CP136872.1_8961359_8961393
CP136872.1	18636230,18636238,18636254,18636261	0.76	18636230	18636261	1582088.96	17595382	19740089	CP136872.1_18636230_18636261
CP136872.1	15077591,15077615,15077622	0.71	15077591	15077622	1270823.32	14059641	15972537	CP136872.1_15077591_15077622
CP136872.1	13132861,13132867,13132883,13132886	0.735	13132861	13132886	1222291.77	12301370	14059641	CP136872.1_13132861_13132886
CP136872.1	25906804,25906846,25906850	0.675	25906804	25906850	1208487.6	25011628	26804085	CP136872.1_25906804_25906850
CP136872.1	20625355,20625357,20625359	0.685	20625355	20625359	1206154.85	19740089	21505760	CP136872.1_20625355_20625359
CP136872.1	27746581,27746589	0.64	27746581	27746589	1203639.04	26804085	28686924	CP136872.1_27746581_27746589
CP136873.1	13785242,13785257,13785287,13785291	0.755	13785242	13785291	20815713.91	1	27691033	CP136873.1_13785242_13785291
CP136873.1	20978571,20978574,20978576,20978582,20978599,20978601,20978608	0.775	20978571	20978608	10404316.1	13785242	27691033	CP136873.1_20978571_20978608
CP136873.1	6964031,6964043,6964049,6964066	0.7	6964031	6964066	9549695.4	1	13785242	CP136873.1_6964031_6964066
CP136873.1	17587132,17587134,17587148,17587165	0.77	17587132	17587165	5222816.06	13785242	20978571	CP136873.1_17587132_17587165
CP136873.1	10389663,10389674,10389691	0.695	10389663	10389691	4719854.81	6964031	13785242	CP136873.1_10389663_10389691
CP136873.1	3780544,3780574,3780591	0.645	3780544	3780591	4106698.23	1	6964031	CP136873.1_3780544_3780591
CP136873.1	24437985,24437990,24438003,24438012,24438015,24438020,24438022,24438026,24438032	0.595	24437985	24438032	3871127.12	20978571	27691033	CP136873.1_24437985_24438032
CP136873.1	8666668,8666670,8666690,8666704,8666714,8666717	0.795	8666668	8666717	2707192.83	6964031	10389663	CP136873.1_8666668_8666717
CP136873.1	15725525,15725529,15725531,15725555	0.715	15725525	15725555	2662098.01	13785242	17587132	CP136873.1_15725525_15725555
CP136873.1	19257878,19257881,19257902,19257918	0.735	19257878	19257918	2455996.62	17587132	20978571	CP136873.1_19257878_19257918
CP136873.1	22696051,22696071,22696090	0.685	22696051	22696090	2352947.6	20978571	24437985	CP136873.1_22696051_22696090
CP136873.1	11957142,11957144,11957169,11957191	0.705	11957142	11957191	2210145.39	10389663	13785242	CP136873.1_11957142_11957191
CP136873.1	1984932,1984934,1984953	0.615	1984932	1984953	2208602.76	1	3780544	CP136873.1_1984932_1984953
CP136873.1	5507187,5507191,5507205,5507229	0.755	5507187	5507229	2199834.44	3780544	6964031	CP136873.1_5507187_5507229
CP136873.1	26130514,26130543	0.48	26130514	26130543	1498098.24	24437985	27691033	CP136873.1_26130514_26130543
CP136873.1	14677175,14677177,14677187,14677190,14677208,14677218	0.76	14677175	14677218	1355738.16	13785242	15725525	CP136873.1_14677175_14677218
CP136873.1	20129134,20129146,20129173,20129177	0.775	20129134	20129177	1316627.35	19257878	20978571	CP136873.1_20129134_20129177
CP136873.1	9538901,9538906,9538910,9538925,9538939	0.735	9538901	9538939	1250620.14	8666668	10389663	CP136873.1_9538901_9538939
CP136873.1	7854959,7854966,7854970,7854980	0.76	7854959	7854980	1233797.68	6964031	8666668	CP136873.1_7854959_7854980
CP136873.1	16598553,16598586,16598600	0.685	16598553	16598600	1196048.36	15725525	17587132	CP136873.1_16598553_16598600
CP136874.1	13671953,13671955,13671972,13671978,13671983,13671985	0.735	13671953	13671985	19719545.79	1	27086610	CP136874.1_13671953_13671985
CP136874.1	7226688,7226691,7226700,7226709,7226732	0.74	7226688	7226732	9538992.2	1	13671953	CP136874.1_7226688_7226732
CP136874.1	20526348,20526359,20526366,20526369	0.695	20526348	20526369	9118764.18	13671953	27086610	CP136874.1_20526348_20526369
CP136874.1	23897053,23897076,23897082,23897093	0.765	23897053	23897093	4880022.21	20526348	27086610	CP136874.1_23897053_23897093
CP136874.1	17054471,17054484,17054508,17054516	0.705	17054471	17054516	4769350.38	13671953	20526348	CP136874.1_17054471_17054516
CP136874.1	3482829,3482837,3482841,3482843,3482850	0.68	3482829	3482850	4736646.08	1	7226688	CP136874.1_3482829_3482850
CP136874.1	10605997,10606004,10606031	0.695	10605997	10606031	4261678.84	7226688	13671953	CP136874.1_10605997_10606031
CP136874.1	5425604,5425613,5425617	0.685	5425604	5425617	2467485.08	3482829	7226688	CP136874.1_5425604_5425617
CP136874.1	18815696,18815710,18815712,18815723	0.69	18815696	18815723	2360699.76	17054471	20526348	CP136874.1_18815696_18815723
CP136874.1	8888066,8888079,8888098,8888115	0.7	8888066	8888115	2325929.2	7226688	10605997	CP136874.1_8888066_8888115
CP136874.1	22399193,22399199,22399207,22399215,22399236	0.775	22399193	22399236	2321683	20526348	23897053	CP136874.1_22399193_22399236
CP136874.1	15412910,15412912,15412935,15412939,15412945,15412949	0.68	15412910	15412949	2232522.96	13671953	17054471	CP136874.1_15412910_15412949
CP136874.1	25497202,25497243,25497245	0.685	25497202	25497245	2177488.96	23897053	27086610	CP136874.1_25497202_25497245
CP136874.1	12205808,12205826,12205850	0.685	12205808	12205850	2008618.65	10605997	13671953	CP136874.1_12205808_12205850
CP136874.1	4409325,4409327,4409355	0.695	4409325	4409355	1287829.44	3482829	5425604	CP136874.1_4409325_4409355
CP136874.1	2481481,2481519,2481529	0.635	2481481	2481529	1271711.96	1	3482829	CP136874.1_2481481_2481529
CP136874.1	11396335,11396341,11396343,11396367,11396373,11396383	0.79	11396335	11396383	1248734.04	10605997	12205808	CP136874.1_11396335_11396383
CP136874.1	21501594,21501606	0.66	21501594	21501606	1184830.68	20526348	22399193	CP136874.1_21501594_21501606
CP136874.1	24692563,24692576,24692578,24692585,24692590,24692597	0.725	24692563	24692597	1153489.5	23897053	25497202	CP136874.1_24692563_24692597
CP136874.1	16273436,16273447,16273450,16273466,16273475	0.725	16273436	16273475	1132500.75	15412910	17054471	CP136874.1_16273436_16273475
CP136875.1	12142601,12142603,12142609,12142629	0.755	12142601	12142629	16075472.08	1	22788609	CP136875.1_12142601_12142629
CP136875.1	5913476,5913487,5913491,5913503,5913520	0.745	5913476	5913520	8811077.75	1	12142601	CP136875.1_5913476_5913520
CP136875.1	17726522,17726529,17726549,17726559	0.735	17726522	17726559	7441267.89	12142601	22788609	CP136875.1_17726522_17726559
CP136875.1	9012820,9012851,9012856	0.7	9012820	9012856	4339081.6	5913476	12142601	CP136875.1_9012820_9012856
CP136875.1	3134894,3134909,3134916,3134919,3134923,3134929	0.765	3134894	3134929	4251230.46	1	5913476	CP136875.1_3134894_3134929
CP136875.1	20246367,20246379,20246384,20246407	0.745	20246367	20246407	3754569.05	17726522	22788609	CP136875.1_20246367_20246407
CP136875.1	14861001,14861007,14861018,14861024	0.685	14861001	14861024	3724208	12142601	17726522	CP136875.1_14861001_14861024
CP136875.1	4491347,4491357,4491359,4491372,4491377,4491380,4491388	0.8	4491347	4491388	2170324.8	3134894	5913476	CP136875.1_4491347_4491388
CP136875.1	1610097,1610105,1610109,1610111,1610126,1610134	0.71	1610097	1610134	2165211.74	1	3134894	CP136875.1_1610097_1610134
CP136875.1	10550371,10550375,10550412	0.7	10550371	10550412	2152571.4	9012820	12142601	CP136875.1_10550371_10550412
CP136875.1	7483171,7483187,7483215	0.685	7483171	7483215	2095619.13	5913476	9012820	CP136875.1_7483171_7483215
CP136875.1	13442943,13442953,13442972,13442977,13442985	0.765	13442943	13442985	1989523.26	12142601	14861001	CP136875.1_13442943_13442985
CP136875.1	16371710,16371715,16371721	0.67	16371710	16371721	1815448.08	14861001	17726522	CP136875.1_16371710_16371721
CP136875.1	19016947,19016976,19016982	0.69	19016947	19016982	1696599.6	17726522	20246367	CP136875.1_19016947_19016982
CP136875.1	900197,900206,900209,900212,900214,900224	0.775	900197	900224	1100345	1	1610097	CP136875.1_900197_900224
CP136875.1	6744138,6744146,6744150,6744152,6744184	0.735	6744138	6744184	1086378.51	5913476	7483171	CP136875.1_6744138_6744184
CP136876.1	7806175,7806193,7806205,7806211	0.715	7806175	7806211	10991763.64	1	15492723	CP136876.1_7806175_7806211
CP136876.1	11643915,11643920,11643927,11643934,11643963	0.76	11643915	11643963	5833364.8	7806175	15492723	CP136876.1_11643915_11643963
CP136876.1	3580035,3580039,3580062,3580069,3580073	0.76	3580035	3580073	5441651.68	1	7806175	CP136876.1_3580035_3580073
CP136876.1	5669931,5669940,5669959	0.665	5669931	5669959	2779561.68	3580035	7806175	CP136876.1_5669931_5669959
CP136876.1	13571369,13571389,13571407	0.705	13571369	13571407	2709109.14	11643915	15492723	CP136876.1_13571369_13571407
CP136876.1	9718534,9718550,9718552	0.695	9718534	9718552	2658179.01	7806175	11643915	CP136876.1_9718534_9718552
CP136876.1	1618552,1618558,1618560,1618577,1618590,1618595	0.765	1618552	1618595	2476383.03	1	3580035	CP136876.1_1618552_1618595
CP136876.1	10725956,10725986,10725993,10726005	0.765	10725956	10726005	1404477.27	9718534	11643915	CP136876.1_10725956_10726005
CP136876.1	2544983,2544986,2545004,2545012	0.755	2544983	2545012	1398910.81	1618552	3580035	CP136876.1_2544983_2545012
CP136876.1	4623408,4623426,4623429	0.66	4623408	4623429	1377252.36	3580035	5669931	CP136876.1_4623408_4623429
CP136876.1	6746189,6746210	0.62	6746189	6746210	1314382.64	5669931	7806175	CP136876.1_6746189_6746210
CP136877.1	14049542,14049550,14049579	0.705	14049542	14049579	19809852.81	1	28117437	CP136877.1_14049542_14049579
CP136877.1	21076370,21076373,21076378,21076383,21076402	0.725	21076370	21076402	10188900.6	14049542	28117437	CP136877.1_21076370_21076402
CP136877.1	7644560,7644565,7644577,7644588,7644591,7644601	0.78	7644560	7644601	9991771.92	1	14049542	CP136877.1_7644560_7644601
CP136877.1	4175240,4175266,4175269,4175273	0.76	4175240	4175273	5273366.4	1	7644560	CP136877.1_4175240_4175273
CP136877.1	17604256,17604261,17604273,17604284,17604300	0.745	17604256	17604300	5173449.86	14049542	21076370	CP136877.1_17604256_17604300
CP136877.1	24553412,24553421,24553424,24553450	0.72	24553412	24553450	5006940.48	21076370	28117437	CP136877.1_24553412_24553450
CP136877.1	10737321,10737346,10737358,10737368	0.71	10737321	10737368	4391720.62	7644560	14049542	CP136877.1_10737321_10737368
CP136877.1	2133199,2133229,2133231	0.715	2133199	2133231	2920118.63	1	4175240	CP136877.1_2133199_2133231
CP136877.1	15879364,15879370,15879384,15879407,15879411	0.75	15879364	15879411	2587338	14049542	17604256	CP136877.1_15879364_15879411
CP136877.1	22807924,22807935,22807943,22807964	0.705	22807924	22807964	2441491.14	21076370	24553412	CP136877.1_22807924_22807964
CP136877.1	26210630,26210646,26210654,26210672	0.715	26210630	26210672	2369821.74	24553412	28117437	CP136877.1_26210630_26210672
CP136877.1	19562301,19562304,19562320,19562330	0.775	19562301	19562330	2346806.95	17604256	21076370	CP136877.1_19562301_19562330
CP136877.1	5897401,5897419,5897424	0.655	5897401	5897424	2256030.91	4175240	7644560	CP136877.1_5897401_5897424
CP136877.1	9148085,9148092,9148098,9148100	0.705	9148085	9148100	2119970.25	7644560	10737321	CP136877.1_9148085_9148100
CP136877.1	12320229,12320249,12320257	0.64	12320229	12320257	2026122.24	10737321	14049542	CP136877.1_12320229_12320257
CP136877.1	18585658,18585666,18585677,18585684	0.705	18585658	18585684	1377066.63	17604256	19562301	CP136877.1_18585658_18585684
CP136877.1	3178110,3178120,3178130	0.665	3178110	3178130	1326182.9	2133199	4175240	CP136877.1_3178110_3178130
CP136877.1	23648384,23648399,23648401,23648403,23648415	0.75	23648384	23648415	1260690	22807924	24553412	CP136877.1_23648384_23648415
CP136877.1	6727571,6727573,6727611,6727615	0.71	6727571	6727615	1178841.4	5897401	7644560	CP136877.1_6727571_6727615
CP136877.1	14993587,14993590	0.665	14993587	14993590	1178083.41	14049542	15879364	CP136877.1_14993587_14993590
CP136878.1	16179351,16179354,16179361,16179390,16179398	0.755	16179351	16179398	22353913.16	1	30983267	CP136878.1_16179351_16179398
CP136878.1	8244773,8244778,8244800,8244811,8244814,8244822	0.77	8244773	8244822	12219250.12	1	16179351	CP136878.1_8244773_8244822
CP136878.1	23229918,23229957,23229962	0.685	23229918	23229962	9659276.79	16179351	30983267	CP136878.1_23229918_23229962
CP136878.1	3940457,3940459,3940483,3940497,3940505	0.745	3940457	3940505	5871279.44	1	8244773	CP136878.1_3940457_3940505
CP136878.1	12218606,12218610,12218616	0.705	12218606	12218616	5584650.45	8244773	16179351	CP136878.1_12218606_12218616
CP136878.1	19777974,19777985,19778015	0.705	19777974	19778015	4867241.04	16179351	23229918	CP136878.1_19777974_19778015
CP136878.1	27883137,27883142,27883171,27883174,27883176	0.785	27883137	27883176	4867204.1	23229918	30983267	CP136878.1_27883137_27883176
CP136878.1	25493730,25493756,25493765	0.705	25493730	25493765	3191974.92	23229918	27883137	CP136878.1_25493730_25493765
CP136878.1	6018624,6018629,6018632	0.7	6018624	6018632	2909433.8	3940457	8244773	CP136878.1_6018624_6018632
CP136878.1	14220914,14220931,14220939	0.705	14220914	14220939	2761396.17	12218606	16179351	CP136878.1_14220914_14220939
CP136878.1	2052761,2052770,2052799	0.715	2052761	2052799	2699405.28	1	3940457	CP136878.1_2052761_2052799
CP136878.1	10078074,10078082,10078087,10078110	0.695	10078074	10078110	2548288.39	8244773	12218606	CP136878.1_10078074_10078110
CP136878.1	17932251,17932268,17932295	0.675	17932251	17932295	2366415	16179351	19777974	CP136878.1_17932251_17932295
CP136878.1	21461401,21461415,21461432,21461446	0.685	21461401	21461446	2306294.99	19777974	23229918	CP136878.1_21461401_21461446
CP136878.1	29439503,29439518	0.66	29439503	29439518	2037768.48	27883137	30983267	CP136878.1_29439503_29439518
CP136878.1	26632545,26632555	0.645	26632545	26632555	1469071.35	25493730	27883137	CP136878.1_26632545_26632555
CP136878.1	5023603,5023605,5023610	0.715	5023603	5023610	1422880.03	3940457	6018624	CP136878.1_5023603_5023610
CP136878.1	11186700,11186731,11186734	0.685	11186700	11186734	1413711.22	10078074	12218606	CP136878.1_11186700_11186734
CP136878.1	13145131,13145140,13145145,13145160	0.735	13145131	13145160	1361991.75	12218606	14220914	CP136878.1_13145131_13145160
CP136878.1	7060145,7060180	0.645	7060145	7060180	1343562.09	6018624	8244773	CP136878.1_7060145_7060180
CP136878.1	24364232,24364244	0.585	24364232	24364244	1321512.66	23229918	25493730	CP136878.1_24364232_24364244
CP136878.1	3024051,3024076,3024094	0.71	3024051	3024094	1301296.52	2052761	3940457	CP136878.1_3024051_3024094
CP136879.1	12779198,12779210,12779236	0.735	12779198	12779236	18785419.59	1	25631868	CP136879.1_12779198_12779236
CP136879.1	19127029,19127040,19127042,19127051,19127064,19127068	0.745	19127029	19127068	9458268.19	12779198	25631868	CP136879.1_19127029_19127068
CP136879.1	6288157,6288191,6288197	0.685	6288157	6288197	8614773.72	1	12779198	CP136879.1_6288157_6288197
CP136879.1	22444075,22444088,22444096,22444108	0.735	22444075	22444108	4686055.71	19127029	25631868	CP136879.1_22444075_22444108
CP136879.1	15998781,15998788,15998799,15998808,15998813	0.735	15998781	15998813	4598524.56	12779198	19127029	CP136879.1_15998781_15998813
CP136879.1	9350436,9350445,9350451,9350461	0.75	9350436	9350461	4593418.5	6288157	12779198	CP136879.1_9350436_9350461
CP136879.1	3146363,3146395,3146404	0.705	3146363	3146404	4429929.54	1	6288157	CP136879.1_3146363_3146404
CP136879.1	11148364,11148373,11148382,11148392	0.755	11148364	11148392	2462559.34	9350436	12779198	CP136879.1_11148364_11148392
CP136879.1	20766557,20766566,20766578	0.69	20766557	20766578	2262548.64	19127029	22444075	CP136879.1_20766557_20766578
CP136879.1	7773943,7773951,7773959,7773966	0.725	7773943	7773966	2154389.7	6288157	9350436	CP136879.1_7773943_7773966
CP136879.1	17575020,17575033,17575056,17575058	0.685	17575020	17575058	2126252.33	15998781	19127029	CP136879.1_17575020_17575058
CP136879.1	14460428,14460430,14460433,14460467	0.69	14460428	14460467	2122927.14	12779198	15998781	CP136879.1_14460428_14460467
CP136879.1	4818108,4818114,4818155	0.685	4818108	4818155	2013967.13	3146363	6288157	CP136879.1_4818108_4818155
CP136879.1	23986853,23986875,23986891	0.635	23986853	23986891	1959328.06	22444075	25631868	CP136879.1_23986853_23986891
CP136879.1	1549733,1549744,1549765	0.615	1549733	1549765	1906170.36	1	3146363	CP136879.1_1549733_1549765
CP136879.1	10318739,10318742,10318780	0.705	10318739	10318780	1169771.25	9350436	11148364	CP136879.1_10318739_10318780
CP136879.1	19923856,19923863,19923887	0.72	19923856	19923887	1147430.88	19127029	20766557	CP136879.1_19923856_19923887
CP136879.1	11960825,11960841,11960866,11960874	0.685	11960825	11960874	1113071.57	11148364	12779198	CP136879.1_11960825_11960874
CP136879.1	8556212,8556241,8556252	0.705	8556212	8556252	1102999.29	7773943	9350436	CP136879.1_8556212_8556252
CP136880.1	13970005,13970011,13970020,13970028,13970043,13970050	0.775	13970005	13970050	21653506.2	1	29804843	CP136880.1_13970005_13970050
CP136880.1	22152803,22152814,22152821,22152825,22152833,22152837	0.77	22152803	22152837	11784141.6	13970005	29804843	CP136880.1_22152803_22152837
CP136880.1	7123310,7123319	0.635	7123310	7123319	8695302.65	1	13970005	CP136880.1_7123310_7123319
CP136880.1	17815297,17815308,17815318,17815344	0.735	17815297	17815344	5652579.24	13970005	22152803	CP136880.1_17815297_17815344
CP136880.1	26314836,26314847,26314857,26314870,26314879	0.755	26314836	26314879	5269910.57	22152803	29804843	CP136880.1_26314836_26314879
CP136880.1	3631471,3631495,3631501,3631518	0.675	3631471	3631518	4713982.65	1	7123310	CP136880.1_3631471_3631518
CP136880.1	10587545,10587572,10587580	0.665	10587545	10587580	4498671.8	7123310	13970005	CP136880.1_10587545_10587580
CP136880.1	19890472,19890503,19890507	0.695	19890472	19890507	2884493.25	17815297	22152803	CP136880.1_19890472_19890507
CP136880.1	24202523,24202541,24202568	0.675	24202523	24202568	2767122	22152803	26314836	CP136880.1_24202523_24202568
CP136880.1	15847172,15847178,15847189,15847196	0.715	15847172	15847196	2684348.81	13970005	17815297	CP136880.1_15847172_15847196
CP136880.1	1827118,1827127,1827133,1827136	0.73	1827118	1827136	2634355.38	1	3631471	CP136880.1_1827118_1827136
CP136880.1	5407234,5407244,5407264,5407280	0.745	5407234	5407280	2556953.24	3631471	7123310	CP136880.1_5407234_5407280
CP136880.1	8843617,8843627,8843633,8843645	0.735	8843617	8843645	2528851.29	7123310	10587545	CP136880.1_8843617_8843645
CP136880.1	12352401,12352434,12352437,12352444	0.735	12352401	12352444	2377877.88	10587545	13970005	CP136880.1_12352401_12352444
CP136880.1	28041102,28041135,28041142	0.625	28041102	28041142	2157832.5	26314836	29804843	CP136880.1_28041102_28041142
CP136880.1	20997419,20997425,20997448	0.71	20997419	20997448	1571864.74	19890472	22152803	CP136880.1_20997419_20997448
CP136880.1	25169847,25169872,25169874,25169887,25169895	0.75	25169847	25169895	1450986	24202523	26314836	CP136880.1_25169847_25169895
CP136880.1	18963927,18963947,18963955,18963959	0.715	18963927	18963959	1324959.35	17815297	19890472	CP136880.1_18963927_18963959
CP136880.1	23124843,23124857,23124878	0.675	23124843	23124878	1312254	22152803	24202523	CP136880.1_23124843_23124878
CP136880.1	16823661,16823673,16823678,16823710	0.66	16823661	16823710	1288965.48	15847172	17815297	CP136880.1_16823661_16823710
CP136880.1	14937517,14937540,14937565	0.685	14937517	14937565	1246227.35	13970005	15847172	CP136880.1_14937517_14937565
CP136880.1	955453,955461,955476,955486	0.68	955453	955486	1185464.4	1	1827118	CP136880.1_955453_955486
CP136881.1	14285402,14285411,14285417,14285425,14285446	0.76	14285402	14285446	21713809.52	1	28869540	CP136881.1_14285402_14285446
CP136881.1	21626976,21626986,21626989,21626995	0.715	21626976	21626995	10356866.52	14285402	28869540	CP136881.1_21626976_21626995
CP136881.1	6436788,6436803,6436807,6436824,6436829	0.79	6436788	6436829	10170123.46	1	14285402	CP136881.1_6436788_6436829
CP136881.1	9975649,9975659,9975687,9975693	0.745	9975649	9975693	5272902.89	6436788	14285402	CP136881.1_9975649_9975693
CP136881.1	17754527,17754539,17754553,17754557,17754565	0.735	17754527	17754565	5099613.75	14285402	21626976	CP136881.1_17754527_17754565
CP136881.1	3108505,3108507,3108510,3108527	0.715	3108505	3108527	4445160.72	1	6436788	CP136881.1_3108505_3108527
CP136881.1	25240767,25240777	0.615	25240767	25240777	4444962.93	21626976	28869540	CP136881.1_25240767_25240777
CP136881.1	12241401,12241415,12241421,12241424,12241429	0.755	12241401	12241429	3086441.51	9975649	14285402	CP136881.1_12241401_12241429
CP136881.1	4791734,4791736,4791747,4791750	0.755	4791734	4791750	2484031.54	3108505	6436788	CP136881.1_4791734_4791750
CP136881.1	19702534,19702541,19702555	0.645	19702534	19702555	2482530.18	17754527	21626976	CP136881.1_19702534_19702555
CP136881.1	8187882,8187919,8187924	0.705	8187882	8187924	2469042.54	6436788	9975649	CP136881.1_8187882_8187924
CP136881.1	16039587,16039601,16039633	0.69	16039587	16039633	2366617.2	14285402	17754527	CP136881.1_16039587_16039633
CP136881.1	23423585,23423607,23423615,23423624	0.615	23423585	23423624	2209829.07	21626976	25240767	CP136881.1_23423585_23423624
CP136881.1	27155682,27155701,27155706,27155710,27155719	0.595	27155682	27155719	2039491.02	25240767	28869540	CP136881.1_27155682_27155719
CP136881.1	1628261,1628264,1628271	0.685	1628261	1628271	2027934.28	1	3108505	CP136881.1_1628261_1628271
CP136881.1	11165985,11165988,11165999	0.685	11165985	11165999	1473319.92	9975649	12241401	CP136881.1_11165985_11165999
CP136881.1	18722596,18722602,18722619,18722640	0.685	18722596	18722640	1326254.53	17754527	19702534	CP136881.1_18722596_18722640
CP136881.1	13203863,13203865,13203883	0.675	13203863	13203883	1299323.7	12241401	14285402	CP136881.1_13203863_13203883
CP136881.1	20714386,20714401,20714408,20714429	0.7	20714386	20714429	1277626	19702534	21626976	CP136881.1_20714386_20714429
CP136881.1	22570044,22570062,22570088	0.735	22570044	22570088	1254705.27	21626976	23423585	CP136881.1_22570044_22570088
CP136881.1	3973997,3974007,3974012	0.745	3973997	3974012	1218428.13	3108505	4791734	CP136881.1_3973997_3974012
CP136882.1	15538715,15538752,15538755,15538764	0.76	15538715	15538764	23618845.28	1	31839088	CP136882.1_15538715_15538764
CP136882.1	24109238,24109247,24109251,24109254,24109267	0.765	24109238	24109267	11826670.5	15538715	31839088	CP136882.1_24109238_24109267
CP136882.1	7037469,7037471,7037474,7037492,7037506	0.795	7037469	7037506	11189574.12	1	15538715	CP136882.1_7037469_7037506
CP136882.1	19818163,19818182,19818191,19818203	0.725	19818163	19818203	6205199.6	15538715	24109238	CP136882.1_19818163_19818203
CP136882.1	11204751,11204756,11204762,11204794	0.735	11204751	11204794	6125904.54	7037469	15538715	CP136882.1_11204751_11204794
CP136882.1	28111910,28111944,28111955	0.655	28111910	28111955	4882603.18	24109238	31839088	CP136882.1_28111910_28111955
CP136882.1	3402719,3402721,3402734,3402741,3402745	0.69	3402719	3402745	4695750.84	1	7037469	CP136882.1_3402719_3402745
CP136882.1	9094687,9094690,9094697,9094710,9094712,9094715,9094722	0.785	9094687	9094722	3229832.26	7037469	11204751	CP136882.1_9094687_9094722
CP136882.1	21888667,21888669,21888682,21888703,21888706	0.77	21888667	21888706	3188576.16	19818163	24109238	CP136882.1_21888667_21888706
CP136882.1	13505739,13505743,13505763,13505784	0.725	13505739	13505784	2947815.2	11204751	15538715	CP136882.1_13505739_13505784
CP136882.1	17895394,17895399,17895426	0.705	17895394	17895426	2711104.29	15538715	19818163	CP136882.1_17895394_17895426
CP136882.1	26110535,26110572	0.655	26110535	26110572	2621699.07	24109238	28111910	CP136882.1_26110535_26110572
CP136882.1	5204614,5204618,5204632	0.675	5204614	5204632	2432558.25	3402719	7037469	CP136882.1_5204614_5204632
CP136882.1	29973171,29973187	0.645	29973171	29973187	2401026.69	28111910	31839088	CP136882.1_29973171_29973187
CP136882.1	1832195,1832236,1832239	0.685	1832195	1832239	2151617.88	1	3402719	CP136882.1_1832195_1832239
CP136882.1	16767676,16767686,16767693	0.675	16767676	16767693	1522419.3	15538715	17895394	CP136882.1_16767676_16767693
CP136882.1	14524273,14524297,14524302	0.71	14524273	14524302	1440507.64	13505739	15538715	CP136882.1_14524273_14524302
CP136882.1	12458610,12458641,12458644	0.685	12458610	12458644	1434566.73	11204751	13505739	CP136882.1_12458610_12458644
CP136882.1	25113738,25113748,25113754,25113762	0.715	25113738	25113762	1425419.71	24109238	26110535	CP136882.1_25113738_25113762
CP136882.1	22944376,22944382,22944386,22944419	0.665	22944376	22944419	1404092.97	21888667	24109238	CP136882.1_22944376_22944419
CP136882.1	10086482,10086487,10086490	0.7	10086482	10086490	1388513	9094687	11204751	CP136882.1_10086482_10086490
CP136882.1	20888812,20888845,20888857	0.69	20888812	20888857	1379799.9	19818163	21888667	CP136882.1_20888812_20888857
CP136882.1	8081188,8081193,8081225	0.645	8081188	8081225	1307413.71	7037469	9094687	CP136882.1_8081188_8081225
CP136883.1	14574838,14574841,14574849,14574869,14574884	0.715	14574838	14574884	20795094.32	1	29116862	CP136883.1_14574838_14574884
CP136883.1	7820608,7820624,7820627,7820643	0.78	7820608	7820643	10536598.8	1	14574838	CP136883.1_7820608_7820643
CP136883.1	21696560,21696570,21696582	0.695	21696560	21696582	9899193.58	14574838	29116862	CP136883.1_21696560_21696582
CP136883.1	3977509,3977515,3977521,3977528	0.765	3977509	3977528	5879941.47	1	7820608	CP136883.1_3977509_3977528
CP136883.1	25449520,25449548,25449552	0.74	25449520	25449552	5427666.16	21696560	29116862	CP136883.1_25449520_25449552
CP136883.1	18166043,18166075	0.66	18166043	18166075	4660282.44	14574838	21696560	CP136883.1_18166043_18166075
CP136883.1	11361179,11361181,11361194,11361209	0.705	11361179	11361209	4531259.19	7820608	14574838	CP136883.1_11361179_11361209
CP136883.1	2025177,2025194,2025200,2025210,2025220	0.755	2025177	2025220	2948021.32	1	3977509	CP136883.1_2025177_2025220
CP136883.1	5888412,5888428,5888434,5888447	0.715	5888412	5888447	2732591.29	3977509	7820608	CP136883.1_5888412_5888447
CP136883.1	27250035,27250037,27250071	0.685	27250035	27250071	2466705.55	25449520	29116862	CP136883.1_27250035_27250071
CP136883.1	23575868,23575889,23575910	0.655	23575868	23575910	2454484.12	21696560	25449520	CP136883.1_23575868_23575910
CP136883.1	19878961,19878964,19878995	0.705	19878961	19878995	2415214.38	18166043	21696560	CP136883.1_19878961_19878995
CP136883.1	9607879,9607902,9607907	0.685	9607879	9607907	2402021	7820608	11361179	CP136883.1_9607879_9607907
CP136883.1	16288098,16288114,16288134	0.695	16288098	16288134	2381431.4	14574838	18166043	CP136883.1_16288098_16288134
CP136883.1	12996744,12996761,12996768,12996772	0.66	12996744	12996772	2083084.08	11361179	14574838	CP136883.1_12996744_12996772
CP136883.1	1032370,1032379,1032416,1032419	0.715	1032370	1032419	1419714.01	1	2025177	CP136883.1_1032370_1032419
CP136883.1	2970325,2970372,2970374	0.715	2970325	2970374	1351561.64	2025177	3977509	CP136883.1_2970325_2970374
CP136883.1	20796256,20796262,20796279,20796304	0.7	20796256	20796304	1260425.6	19878961	21696560	CP136883.1_20796256_20796304
CP136883.1	4942411,4942430	0.655	4942411	4942430	1239261.31	3977509	5888412	CP136883.1_4942411_4942430
CP136883.1	19006150,19006152,19006165,19006185,19006191	0.735	19006150	19006191	1234957.29	18166043	19878961	CP136883.1_19006150_19006191
CP136883.1	6901666,6901668,6901705	0.67	6901666	6901705	1231382.28	5888412	7820608	CP136883.1_6901666_6901705
CP136884.1	15974173,15974201,15974209,15974211	0.725	15974173	15974211	23162549.4	1	32745965	CP136884.1_15974173_15974211
CP136884.1	24312217,24312221,24312228,24312263	0.745	24312217	24312263	12423685.56	15974173	32745965	CP136884.1_24312217_24312263
CP136884.1	7622690,7622692,7622701	0.735	7622690	7622701	11205352.83	1	15974173	CP136884.1_7622690_7622701
CP136884.1	20120306,20120312,20120317	0.715	20120306	20120317	5928970.19	15974173	24312217	CP136884.1_20120306_20120317
CP136884.1	28865701,28865741,28865750	0.715	28865701	28865750	5548777.52	24312217	32745965	CP136884.1_28865701_28865750
CP136884.1	11827097,11827114	0.66	11827097	11827114	5474140.32	7622690	15974173	CP136884.1_11827097_11827114
CP136884.1	3994915,3994923	0.66	3994915	3994923	4788663	1	7622690	CP136884.1_3994915_3994923
CP136884.1	26633880,26633890,26633914	0.72	26633880	26633914	3213822.24	24312217	28865701	CP136884.1_26633880_26633914
CP136884.1	17968076,17968078,17968107,17968109,17968112	0.755	17968076	17968112	3010793.53	15974173	20120306	CP136884.1_17968076_17968112
CP136884.1	9597182,9597205,9597207,9597223	0.735	9597182	9597223	2902503.24	7622690	11827097	CP136884.1_9597182_9597223
CP136884.1	22272806,22272820,22272836,22272842,22272846	0.685	22272806	22272846	2793993.07	20120306	24312217	CP136884.1_22272806_22272846
CP136884.1	30825388,30825405,30825407,30825413,30825421,30825428,30825433	0.7	30825388	30825433	2688807.8	28865701	32745965	CP136884.1_30825388_30825433
CP136884.1	13836118,13836120	0.645	13836118	13836120	2591637.09	11827097	15974173	CP136884.1_13836118_13836120
CP136884.1	2018302,2018318,2018331	0.615	2018302	2018331	2431233.99	1	3994915	CP136884.1_2018302_2018331
CP136884.1	5840353,5840369,5840391,5840399	0.645	5840353	5840399	2299214.73	3994915	7622690	CP136884.1_5840353_5840399
CP136884.1	27714623,27714628,27714635,27714641,27714653,27714656	0.745	27714623	27714656	1610307.07	26633880	28865701	CP136884.1_27714623_27714656
CP136884.1	23315483,23315492,23315496,23315506,23315514,23315516,23315524	0.795	23315483	23315524	1584807.06	22272806	24312217	CP136884.1_23315483_23315524
CP136884.1	10757813,10757821,10757860	0.675	10757813	10757860	1443533.4	9597182	11827097	CP136884.1_10757813_10757860
CP136884.1	25573372,25573377,25573385	0.665	25573372	25573385	1410475.64	24312217	26633880	CP136884.1_25573372_25573385
CP136884.1	21166904,21166918,21166936	0.66	21166904	21166936	1381509.36	20120306	22272806	CP136884.1_21166904_21166936
CP136884.1	18954207,18954211,18954232,18954241,18954255	0.7	18954207	18954255	1380583.4	17968076	20120306	CP136884.1_18954207_18954255
CP136884.1	16969443,16969478,16969488	0.685	16969443	16969488	1363519.9	15974173	17968076	CP136884.1_16969443_16969488
CP136884.1	12831907,12831921,12831936	0.675	12831907	12831936	1355684.85	11827097	13836118	CP136884.1_12831907_12831936
CP136884.1	14886793,14886837	0.635	14886793	14886837	1334357.25	13836118	15974173	CP136884.1_14886793_14886837
CP136885.1	15531813,15531829,15531833,15531839	0.765	15531813	15531839	23115575.07	1	30640032	CP136885.1_15531813_15531839
CP136885.1	7992481,7992487,7992491,7992513	0.665	7992481	7992513	10027311.56	1	15531813	CP136885.1_7992481_7992513
CP136885.1	22945887,22945905	0.655	22945887	22945905	9712436.94	15531813	30640032	CP136885.1_22945887_22945905
CP136885.1	26686695,26686698,26686701,26686705,26686708,26686713	0.735	26686695	26686713	5498987.76	22945887	30640032	CP136885.1_26686695_26686713
CP136885.1	11765842,11765845,11765857,11765871	0.715	11765842	11765871	5385338.53	7992481	15531813	CP136885.1_11765842_11765871
CP136885.1	3979571,3979592	0.665	3979571	3979592	5292828.1	1	7992481	CP136885.1_3979571_3979592
CP136885.1	19236941,19236949,19236965	0.675	19236941	19236965	5001922.8	15531813	22945887	CP136885.1_19236941_19236965
CP136885.1	17422195,17422197,17422202,17422228	0.765	17422195	17422228	2776561.38	15531813	19236941	CP136885.1_17422195_17422228
CP136885.1	13657866,13657871,13657881,13657888,13657897	0.73	13657866	13657897	2735962.62	11765842	15531813	CP136885.1_13657866_13657897
CP136885.1	28855607,28855613,28855618,28855649	0.76	28855607	28855649	2712326	26686695	30640032	CP136885.1_28855607_28855649
CP136885.1	21097045,21097053,21097077	0.705	21097045	21097077	2606867.22	19236941	22945887	CP136885.1_21097045_21097077
CP136885.1	1814208,1814227,1814231,1814244,1814257	0.71	1814208	1814257	2576173.94	1	3979571	CP136885.1_1814208_1814257
CP136885.1	24833798,24833803,24833825	0.685	24833798	24833825	2538468.89	22945887	26686695	CP136885.1_24833798_24833825
CP136885.1	9969026,9969028,9969039,9969045,9969063	0.69	9969026	9969063	2479606.08	7992481	11765842	CP136885.1_9969026_9969063
CP136885.1	5930760,5930790,5930807	0.61	5930760	5930807	2380450.58	3979571	7992481	CP136885.1_5930760_5930807
CP136885.1	27775951,27775962,27775987	0.685	27775951	27775987	1479128.72	26686695	28855607	CP136885.1_27775951_27775987
CP136885.1	23884684,23884717,23884730	0.695	23884684	23884730	1304927.83	22945887	24833798	CP136885.1_23884684_23884730
CP136885.1	6938710,6938740	0.645	6938710	6938740	1300255.5	5930760	7992481	CP136885.1_6938710_6938740
CP136885.1	8920938,8920943,8920957	0.695	8920938	8920957	1290555.23	7992481	9969026	CP136885.1_8920938_8920957
CP136885.1	2905066,2905087	0.595	2905066	2905087	1278660.95	1814208	3979571	CP136885.1_2905066_2905087
CP136885.1	10879426,10879437,10879444	0.715	10879426	10879444	1267574.88	9969026	11765842	CP136885.1_10879426_10879444
CP136885.1	18403285,18403291,18403293,18403318,18403324	0.755	18403285	18403324	1258820.56	17422195	19236941	CP136885.1_18403285_18403324
CP136886.1	13350438,13350440,13350454,13350472	0.735	13350438	13350472	19625142.39	1	26875509	CP136886.1_13350438_13350472
CP136886.1	19794345,19794360,19794387,19794391	0.745	19794345	19794391	9601421.43	13350438	26875509	CP136886.1_19794345_19794391
CP136886.1	6489538,6489546,6489587	0.685	6489538	6489587	8890665.69	1	13350438	CP136886.1_6489538_6489587
CP136886.1	23398945,23398952,23398958,23398960,23398981	0.735	23398945	23398981	5110549.08	19794345	26875509	CP136886.1_23398945_23398981
CP136886.1	9640217,9640223,9640242,9640249,9640263	0.78	9640217	9640263	4915059.24	6489538	13350438	CP136886.1_9640217_9640263
CP136886.1	16634874,16634884,16634888	0.715	16634874	16634888	4518043.53	13350438	19794345	CP136886.1_16634874_16634888
CP136886.1	3160622,3160649,3160671	0.685	3160622	3160671	4330050.77	1	6489538	CP136886.1_3160622_3160671
CP136886.1	21539584,21539613,21539621,21539625,21539632	0.755	21539584	21539632	2635310.89	19794345	23398945	CP136886.1_21539584_21539632
CP136886.1	11560392,11560399,11560403,11560412,11560417,11560428	0.725	11560392	11560428	2595566.7	9640217	13350438	CP136886.1_11560392_11560428
CP136886.1	4861571,4861574,4861598	0.7	4861571	4861598	2279153.8	3160622	6489538	CP136886.1_4861571_4861598
CP136886.1	18263947,18263965,18263974,18263984	0.735	18263947	18263984	2249685.06	16634874	19794345	CP136886.1_18263947_18263984
CP136886.1	8023298,8023323,8023331	0.73	8023298	8023331	2239289.6	6489538	9640217	CP136886.1_8023298_8023331
CP136886.1	14826604,14826606,14826651	0.715	14826604	14826651	2110917.38	13350438	16634874	CP136886.1_14826604_14826651
CP136886.1	1639613,1639620,1639654,1639662	0.685	1639613	1639662	2083782.33	1	3160622	CP136886.1_1639613_1639662
CP136886.1	25024025,25024032,25024061,25024064	0.605	25024025	25024064	1966346.8	23398945	26875509	CP136886.1_25024025_25024064
CP136886.1	22504140,22504147,22504161,22504163,22504180,22504189	0.78	22504140	22504189	1395895.8	21539584	23398945	CP136886.1_22504140_22504189
CP136886.1	10526570,10526586,10526596,10526611	0.735	10526570	10526611	1302938.91	9640217	11560392	CP136886.1_10526570_10526611
CP136886.1	12455119,12455135,12455141	0.655	12455119	12455141	1172092.37	11560392	13350438	CP136886.1_12455119_12455141
CP136886.1	20687593,20687621,20687631,20687633	0.685	20687593	20687633	1167227.67	19794345	21539584	CP136886.1_20687593_20687633
CP136887.1	15148356,15148386,15148391,15148393,15148400	0.75	15148356	15148400	22722532.5	1	30575656	CP136887.1_15148356_15148400
CP136887.1	7689677,7689706,7689714,7689717,7689723,7689726	0.79	7689677	7689726	11784712.82	1	15148356	CP136887.1_7689677_7689726
CP136887.1	22769913,22769933,22769953	0.645	22769913	22769953	9831808.53	15148356	30575656	CP136887.1_22769913_22769953
CP136887.1	3641765,3641779,3641786,3641798,3641803	0.8	3641765	3641803	5826822.4	1	7689677	CP136887.1_3641765_3641803
CP136887.1	18957938,18957962,18957976	0.715	18957938	18957976	5447702.26	15148356	22769913	CP136887.1_18957938_18957976
CP136887.1	11045041,11045057,11045059,11045070	0.715	11045041	11045070	4798170.52	7689677	15148356	CP136887.1_11045041_11045070
CP136887.1	26288681,26288709	0.665	26288681	26288709	4679961.44	22769913	30575656	CP136887.1_26288681_26288709
CP136887.1	12937745,12937753,12937764,12937784	0.75	12937745	12937784	2839056	11045041	15148356	CP136887.1_12937745_12937784
CP136887.1	5944711,5944723,5944725,5944748	0.745	5944711	5944748	2599999.34	3641765	7689677	CP136887.1_5944711_5944748
CP136887.1	16998477,16998483,16998489	0.695	16998477	16998489	2571668.19	15148356	18957938	CP136887.1_16998477_16998489
CP136887.1	20874815,20874847	0.64	20874815	20874847	2425725.44	18957938	22769913	CP136887.1_20874815_20874847
CP136887.1	1554314,1554316,1554323,1554325,1554338,1554360	0.77	1554314	1554360	2393642.02	1	3641765	CP136887.1_1554314_1554360
CP136887.1	9237345,9237352,9237371,9237394	0.715	9237345	9237394	2213165.24	7689677	11045041	CP136887.1_9237345_9237394
CP136887.1	28374447,28374496	0.515	28374447	28374496	2148338.98	26288681	30575656	CP136887.1_28374447_28374496
CP136887.1	24553225,24553251	0.595	24553225	24553251	2065192.64	22769913	26288681	CP136887.1_24553225_24553251
CP136887.1	4816173,4816208,4816211	0.705	4816173	4816211	1591238.58	3641765	5944711	CP136887.1_4816173_4816211
CP136887.1	13954637,13954639,13954642,13954667	0.71	13954637	13954667	1443986.64	12937745	15148356	CP136887.1_13954637_13954667
CP136887.1	2569795,2569800,2569808,2569817,2569825,2569833	0.685	2569795	2569833	1391208.97	1554314	3641765	CP136887.1_2569795_2569833
CP136887.1	17924954,17924964,17924992,17924997,17924999	0.725	17924954	17924999	1343391.65	16998477	18957938	CP136887.1_17924954_17924999
CP136887.1	19918731,19918759,19918765	0.69	19918731	19918765	1319395.92	18957938	20874815	CP136887.1_19918731_19918765
CP136887.1	16080640,16080649,16080665	0.685	16080640	16080665	1257436.69	15148356	16998477	CP136887.1_16080640_16080665
CP136887.1	6855728,6855754,6855762	0.705	6855728	6855762	1175868.09	5944711	7689677	CP136887.1_6855728_6855762
CP136888.1	16589538,16589546,16589558,16589563	0.745	16589538	16589563	24718410.13	1	35187552	CP136888.1_16589538_16589563
CP136888.1	26073222,26073224,26073232,26073238,26073255	0.74	26073222	26073255	13489208.4	16589538	35187552	CP136888.1_26073222_26073255
CP136888.1	7862773,7862775,7862778,7862786,7862806	0.75	7862773	7862806	11794158	1	16589538	CP136888.1_7862773_7862806
CP136888.1	30902539,30902549,30902559,30902563,30902569,30902576,30902578	0.815	30902539	30902578	6984571.19	26073222	35187552	CP136888.1_30902539_30902578
CP136888.1	21320827,21320830,21320839,21320868	0.715	21320827	21320868	6765743.27	16589538	26073222	CP136888.1_21320827_21320868
CP136888.1	12218437,12218454,12218463,12218479	0.685	12218437	12218479	5967259.68	7862773	16589538	CP136888.1_12218437_12218479
CP136888.1	4069288,4069300,4069303	0.705	4069288	4069303	5348813.85	1	7862773	CP136888.1_4069288_4069303
CP136888.1	18958137,18958139,18958146	0.715	18958137	18958146	3378646.7	16589538	21320827	CP136888.1_18958137_18958146
CP136888.1	23642589,23642605,23642623	0.665	23642589	23642623	3087943.46	21320827	26073222	CP136888.1_23642589_23642623
CP136888.1	9955233,9955249,9955269,9955273	0.735	9955233	9955273	3075916.2	7862773	12218437	CP136888.1_9955233_9955273
CP136888.1	28451807,28451828,28451834	0.645	28451807	28451834	3068374.65	26073222	30902539	CP136888.1_28451807_28451834
CP136888.1	14548330,14548344,14548348,14548361	0.745	14548330	14548361	3041399.92	12218437	16589538	CP136888.1_14548330_14548361
CP136888.1	33075861,33075877,33075904	0.69	33075861	33075904	2914133.58	30902539	35187552	CP136888.1_33075861_33075904
CP136888.1	1874254,1874258,1874293,1874301	0.73	1874254	1874301	2736409.38	1	4069288	CP136888.1_1874254_1874301
CP136888.1	6008541,6008565	0.655	6008541	6008565	2429043.92	4069288	7862773	CP136888.1_6008541_6008565
CP136888.1	24803704,24803718,24803725,24803749	0.725	24803704	24803749	1683616.75	23642589	26073222	CP136888.1_24803704_24803749
CP136888.1	27247205,27247213,27247236	0.715	27247205	27247236	1678795.69	26073222	28451807	CP136888.1_27247205_27247236
CP136888.1	29632207,29632228,29632230,29632244	0.705	29632207	29632244	1664364	28451807	30902539	CP136888.1_29632207_29632244
CP136888.1	20083501,20083543,20083549	0.7	20083501	20083549	1575509.6	18958137	21320827	CP136888.1_20083501_20083549
CP136888.1	32009996,32009998,32010003,32010007,32010038,32010041	0.735	32009996	32010041	1566821.55	30902539	33075861	CP136888.1_32009996_32010041
CP136888.1	13456138,13456182,13456186	0.71	13456138	13456186	1550912.64	12218437	14548330	CP136888.1_13456138_13456186
CP136888.1	11117666,11117674,11117708	0.675	11117666	11117708	1486040.85	9955233	12218437	CP136888.1_11117666_11117708
CP136888.1	17747051,17747074	0.625	17747051	17747074	1446891.25	16589538	18958137	CP136888.1_17747051_17747074
CP136888.1	22439503,22439506,22439552	0.64	22439503	22439552	1431905.28	21320827	23642589	CP136888.1_22439503_22439552
CP136888.1	3044769,3044786,3044798	0.675	3044769	3044798	1383100.65	1874254	4069288	CP136888.1_3044769_3044798
CP136889.1	11374061,11374068,11374082,11374087,11374089,11374108	0.77	11374061	11374108	16460208.38	1	22062508	CP136889.1_11374061_11374108
CP136889.1	6207237,6207251,6207265,6207275,6207279,6207282,6207285	0.76	6207237	6207285	7853572.48	1	11374061	CP136889.1_6207237_6207285
CP136889.1	16863802,16863847,16863850	0.725	16863802	16863850	7538123.7	11374061	22062508	CP136889.1_16863802_16863850
CP136889.1	3084232,3084240,3084249,3084254	0.685	3084232	3084254	4225396.47	1	6207237	CP136889.1_3084232_3084254
CP136889.1	8708543,8708564,8708568,8708582,8708591	0.74	8708543	8708591	3701932.88	6207237	11374061	CP136889.1_8708543_8708591
CP136889.1	19557074,19557080,19557110,19557116	0.735	19557074	19557116	3682987.98	16863802	22062508	CP136889.1_19557074_19557116
CP136889.1	14107060,14107063,14107071	0.625	14107060	14107071	3416248.75	11374061	16863802	CP136889.1_14107060_14107071
CP136889.1	1760989,1760991,1761005,1761017,1761026	0.785	1760989	1761026	2077491.51	1	3084232	CP136889.1_1760989_1761026
CP136889.1	4570102,4570113,4570134,4570144	0.685	4570102	4570144	2035641.9	3084232	6207237	CP136889.1_4570102_4570144
CP136889.1	18200935,18200947,18200963,18200965,18200970,18200982	0.715	18200935	18200982	1912100.19	16863802	19557074	CP136889.1_18200935_18200982
CP136889.1	15481448,15481462,15481473	0.69	15481448	15481473	1896655.44	14107060	16863802	CP136889.1_15481448_15481473
CP136889.1	10011251,10011258,10011277,10011284	0.695	10011251	10011284	1810764.12	8708543	11374061	CP136889.1_10011251_10011284
CP136889.1	20761959,20761966,20761973,20762007	0.745	20761959	20762007	1795278.65	19557074	22062508	CP136889.1_20761959_20762007
CP136889.1	12710249,12710278,12710281	0.665	12710249	12710281	1777130.04	11374061	14107060	CP136889.1_12710249_12710281
CP136889.1	7414336,7414338,7414354	0.725	7414336	7414354	1750293.55	6207237	8708543	CP136889.1_7414336_7414354
CP136889.1	5390707,5390714,5390726	0.65	5390707	5390726	1061489	4570102	6207237	CP136889.1_5390707_5390726
